2018-04-16 22:15:08+08:00,yov30Y,30.75577,103.919079
2018-04-16 22:15:08+08:00,wdYg0g,30.754525,103.923387
2018-04-16 22:15:08+08:00,K76qoN,30.758414,103.921653
2018-04-16 22:15:08+08:00,Pg24R,30.744469,103.921563
2018-04-16 22:15:08+08:00,E6z6B5,30.744086,103.920515
2018-04-16 22:15:08+08:00,mboGrP,30.744841,103.921179
2018-04-16 22:15:08+08:00,Nx7q6m,30.743928,103.920255
2018-04-16 22:15:08+08:00,onRwKB,30.745449,103.920564
2018-04-16 22:15:08+08:00,LKqy4R,30.745026,103.923577
2018-04-16 22:15:08+08:00,Nw8NV5,30.746372,103.92108
2018-04-16 22:15:08+08:00,45x4gk,30.743263,103.923921
2018-04-16 22:15:08+08:00,LvaKAl,30.757372,103.927469
2018-04-16 22:15:08+08:00,yr0Md3,30.757322,103.927149
2018-04-16 22:15:08+08:00,26b7K5,30.757286,103.927053
2018-04-16 22:15:08+08:00,RpdGP8,30.75721,103.927916
2018-04-16 22:15:08+08:00,Y3LD4N,30.756543,103.927878
2018-04-16 22:15:08+08:00,yMP4Lp,30.756518,103.927863
2018-04-16 22:15:08+08:00,nD2DYZ,30.756356,103.927105
2018-04-16 22:15:08+08:00,XqM02B,30.757233,103.929185
2018-04-16 22:15:08+08:00,QO5GeX,30.757249,103.929199
2018-04-16 22:15:08+08:00,gYVD4p,30.756558,103.92917
2018-04-16 22:15:08+08:00,gR5Dxe,30.755901,103.928467
2018-04-16 22:15:08+08:00,EDK3Yn,30.756419,103.929315
2018-04-16 22:15:08+08:00,qPypNo,30.7558,103.928872
2018-04-16 22:15:08+08:00,3xz6YE,30.756321,103.929415
2018-04-16 22:15:08+08:00,eQNxGa,30.75732,103.930405
2018-04-16 22:15:08+08:00,Mdpdmx,30.750278,103.921584
2018-04-16 22:15:08+08:00,Ze6Xrz,30.750299,103.921727
2018-04-16 22:15:08+08:00,mQ7wEd,30.750493,103.921522
2018-04-16 22:15:08+08:00,VdyRbZ,30.750504,103.921677
2018-04-16 22:15:08+08:00,yg8Ggb,30.75016,103.92064
2018-04-16 22:15:08+08:00,86zPkk,30.749152,103.920833
2018-04-16 22:15:08+08:00,5mOARM,30.749426,103.920354
2018-04-16 22:15:08+08:00,Nw2v4m,30.748857,103.92068
2018-04-16 22:15:08+08:00,Xxd4pr,30.750538,103.922676
2018-04-16 22:15:08+08:00,reV7KV,30.751287,103.920921
2018-04-16 22:15:08+08:00,E60ADJ,30.74798,103.921263
2018-04-16 22:15:08+08:00,3Xxky7,30.751741,103.921715
2018-04-16 22:15:08+08:00,AVVLKr,30.748912,103.92312
2018-04-16 22:15:08+08:00,4XpNkB,30.751463,103.922773
2018-04-16 22:15:08+08:00,n4peX5,30.75175,103.922615
2018-04-16 22:15:08+08:00,3Xq0Gq,30.748564,103.923531
2018-04-16 22:15:08+08:00,Z5gRwZ,30.747474,103.920502
2018-04-16 22:15:08+08:00,XxqG4r,30.748532,103.923964
2018-04-16 22:15:08+08:00,bYRbyg,30.759111,103.923624
2018-04-16 22:15:08+08:00,qXPKLR,30.759739,103.918743
2018-04-16 22:15:08+08:00,qXvVpZ,30.760232,103.919148
2018-04-16 22:15:08+08:00,aZEDrA,30.759504,103.918201
2018-04-16 22:15:08+08:00,dPoBPZ,30.761226,103.919065
2018-04-16 22:15:08+08:00,3nNvwm,30.755398,103.918025
2018-04-16 22:15:08+08:00,5rnNRK,30.753093,103.921622
2018-04-16 22:15:08+08:00,D2mAQR,30.760988,103.917568
2018-04-16 22:15:08+08:00,45xXYv,30.752886,103.92053
2018-04-16 22:15:08+08:00,Nwrmln,30.755113,103.926166
2018-04-16 22:15:08+08:00,7dQvJL,30.755247,103.926274
2018-04-16 22:15:08+08:00,nODKG5,30.755216,103.926259
2018-04-16 22:15:08+08:00,OavJ6J,30.755268,103.926319
2018-04-16 22:15:08+08:00,ApKZrQ,30.762516,103.924877
2018-04-16 22:15:08+08:00,3XyA2p,30.752269,103.923248
2018-04-16 22:15:08+08:00,wbg37D,30.754628,103.926414
2018-04-16 22:15:08+08:00,oObwKV,30.754799,103.926556
2018-04-16 22:15:08+08:00,z57xk0,30.761876,103.92601
2018-04-16 22:15:08+08:00,vvmqV7,30.754332,103.926427
2018-04-16 22:15:08+08:00,mn3m4v,30.752778,103.924861
2018-04-16 22:15:08+08:00,JDneDP,30.75223,103.918881
2018-04-16 22:15:08+08:00,xQXlv7,30.754686,103.926704
2018-04-16 22:15:08+08:00,k7DpQE,30.752297,103.924127
2018-04-16 22:15:08+08:00,G3qY5J,30.754616,103.926702
2018-04-16 22:15:08+08:00,KBZJMq,30.752151,103.918904
2018-04-16 22:15:08+08:00,GmrLMa,30.752184,103.924081
2018-04-16 22:15:08+08:00,Qe8Yev,30.754702,103.926901
2018-04-16 22:15:08+08:00,86gzJl,30.754754,103.927121
2018-04-16 22:15:08+08:00,3xV8ka,30.752077,103.918323
2018-04-16 22:15:08+08:00,QKzp0d,30.758645,103.914894
2018-04-16 22:15:08+08:00,ZJDN0Q,30.760239,103.915254
2018-04-16 22:15:08+08:00,KzvOgg,30.754199,103.927002
2018-04-16 22:15:08+08:00,yMzGxX,30.75228,103.917658
2018-04-16 22:15:08+08:00,3pQQ2p,30.754999,103.927642
2018-04-16 22:15:08+08:00,X725Al,30.752855,103.926141
2018-04-16 22:15:08+08:00,bJdOzv,30.752855,103.926141
2018-04-16 22:15:08+08:00,Yq0NnE,30.752346,103.925737
2018-04-16 22:15:08+08:00,EMP4v2,30.751592,103.918102
2018-04-16 22:15:08+08:00,dKKwak,30.752101,103.925614
2018-04-16 22:15:08+08:00,64myGg,30.763096,103.916554
2018-04-16 22:15:08+08:00,gPgz0q,30.760637,103.914658
2018-04-16 22:15:08+08:00,KoooGq,30.753195,103.927086
2018-04-16 22:15:08+08:00,zEoKwA,30.751782,103.925693
2018-04-16 22:15:08+08:00,QeDd84,30.751957,103.925937
2018-04-16 22:15:08+08:00,Any4kD,30.763092,103.916101
2018-04-16 22:15:08+08:00,bQxXe0,30.751204,103.918025
2018-04-16 22:15:08+08:00,4we4Me,30.751112,103.924632
2018-04-16 22:15:08+08:00,oz0rX7,30.753708,103.915187
2018-04-16 22:15:08+08:00,QekOvv,30.751784,103.925796
2018-04-16 22:15:08+08:00,RpXmX8,30.751803,103.925824
2018-04-16 22:15:08+08:00,RqDYxD,30.751376,103.917643
2018-04-16 22:15:08+08:00,p7nDaA,30.751885,103.926022
2018-04-16 22:15:08+08:00,8ZLVBG,30.751684,103.925777
2018-04-16 22:15:08+08:00,JMDePY,30.751663,103.925777
2018-04-16 22:15:08+08:00,RpBZzY,30.754075,103.914835
2018-04-16 22:15:08+08:00,lwkmLM,30.754403,103.928178
2018-04-16 22:15:08+08:00,zEz5w0,30.750958,103.924586
2018-04-16 22:15:08+08:00,26Pp8G,30.75416,103.914771
2018-04-16 22:15:08+08:00,KK443q,30.751619,103.925751
2018-04-16 22:15:08+08:00,qPYDNQ,30.752026,103.926312
2018-04-16 22:15:08+08:00,0BxMzV,30.751961,103.926251
2018-04-16 22:15:08+08:00,zKdXkA,30.751946,103.926236
2018-04-16 22:15:08+08:00,wbgvgr,30.751978,103.926283
2018-04-16 22:15:08+08:00,nDv0Yk,30.752032,103.926366
2018-04-16 22:15:08+08:00,p7B2wQ,30.754096,103.928077
2018-04-16 22:15:08+08:00,lkXVe0,30.751831,103.926167
2018-04-16 22:15:08+08:00,GOX6Oa,30.751799,103.926137
2018-04-16 22:15:08+08:00,ZEXNrD,30.751688,103.925992
2018-04-16 22:15:08+08:00,64p0LZ,30.751023,103.92496
2018-04-16 22:15:08+08:00,V53V5d,30.7519,103.926312
2018-04-16 22:15:08+08:00,Jq3xr4,30.7541,103.928154
2018-04-16 22:15:08+08:00,G38AlJ,30.751831,103.926236
2018-04-16 22:15:08+08:00,NvbqdQ,30.763214,103.915851
2018-04-16 22:15:08+08:00,bNoPkm,30.751928,103.926366
2018-04-16 22:15:08+08:00,qkVgpZ,30.751753,103.926152
2018-04-16 22:15:08+08:00,LVRreP,30.751778,103.926251
2018-04-16 22:15:08+08:00,YvMyqk,30.750727,103.924555
2018-04-16 22:15:08+08:00,ozrEl7,30.758197,103.93387
2018-04-16 22:15:08+08:00,D5dmmR,30.759198,103.933953
2018-04-16 22:15:08+08:00,kwY4xD,30.759198,103.933953
2018-04-16 22:15:08+08:00,NvnE5X,30.756332,103.932249
2018-04-16 22:15:08+08:00,3GoE7E,30.756076,103.932364
2018-04-16 22:15:08+08:00,BPBnxO,30.75597,103.932478
2018-04-16 22:15:08+08:00,R87Kpw,30.755958,103.93244
2018-04-16 22:15:08+08:00,zKlMOk,30.755954,103.93244
2018-04-16 22:15:08+08:00,LzrVll,30.755966,103.932394
2018-04-16 22:15:08+08:00,zvEMal,30.756015,103.932295
2018-04-16 22:15:08+08:00,E5NMzM,30.759985,103.93374
2018-04-16 22:15:08+08:00,xQVAq8,30.755941,103.932409
2018-04-16 22:15:08+08:00,vM7X0O,30.755788,103.934036
2018-04-16 22:15:08+08:00,kmnb2A,30.755865,103.932425
2018-04-16 22:15:08+08:00,8lRmkd,30.75588,103.932326
2018-04-16 22:15:08+08:00,QeAOE4,30.755895,103.932264
2018-04-16 22:15:08+08:00,JqP784,30.755912,103.932211
2018-04-16 22:15:08+08:00,MwyGaK,30.756733,103.93142
2018-04-16 22:15:08+08:00,vrP2Pz,30.755937,103.932165
2018-04-16 22:15:08+08:00,zQbgJ0,30.755922,103.932165
2018-04-16 22:15:08+08:00,2dz3m4,30.755758,103.932425
2018-04-16 22:15:08+08:00,gY5AMp,30.755819,103.932234
2018-04-16 22:15:08+08:00,On0V8J,30.755634,103.934199
2018-04-16 22:15:08+08:00,GVlKYa,30.755861,103.932135
2018-04-16 22:15:08+08:00,yMoRV7,30.756006,103.93494
2018-04-16 22:15:08+08:00,aQN7eZ,30.755529,103.932411
2018-04-16 22:15:08+08:00,yMD5nY,30.755478,103.93244
2018-04-16 22:15:08+08:00,v02ldg,30.755545,103.934595
2018-04-16 22:15:08+08:00,BP5ydl,30.75544,103.934397
2018-04-16 22:15:08+08:00,YeBMNJ,30.755268,103.934076
2018-04-16 22:15:08+08:00,64pKgX,30.755466,103.932183
2018-04-16 22:15:08+08:00,NwmadG,30.755466,103.932183
2018-04-16 22:15:08+08:00,vkBvwg,30.755466,103.932183
2018-04-16 22:15:08+08:00,reLexv,30.755466,103.932183
2018-04-16 22:15:08+08:00,rem3YD,30.759051,103.93066
2018-04-16 22:15:08+08:00,lZx0kp,30.759051,103.93066
2018-04-16 22:15:08+08:00,kwPMQE,30.759182,103.930215
2018-04-16 22:15:08+08:00,XvZRy4,30.759182,103.930215
2018-04-16 22:15:08+08:00,5wNVo6,30.759182,103.930215
2018-04-16 22:15:08+08:00,3nmyya,30.761321,103.930954
2018-04-16 22:15:09+08:00,KgREq,30.751822,103.933227
2018-04-16 22:15:09+08:00,anleew,30.751957,103.933651
2018-04-16 22:15:09+08:00,JVLexL,30.751907,103.933731
2018-04-16 22:15:09+08:00,55o2zl,30.752046,103.93377
2018-04-16 22:15:09+08:00,ZJkxnX,30.751656,103.932933
2018-04-16 22:15:09+08:00,XvrL5r,30.751775,103.934009
2018-04-16 22:15:09+08:00,3naYZq,30.752273,103.933876
2018-04-16 22:15:09+08:00,7PwPNd,30.751832,103.932754
2018-04-16 22:15:09+08:00,YbbbVw,30.751405,103.934007
2018-04-16 22:15:09+08:00,lwkVM2,30.752054,103.93264
2018-04-16 22:15:09+08:00,0KMZ4V,30.751158,103.932988
2018-04-16 22:15:09+08:00,xNlXvZ,30.752383,103.934121
2018-04-16 22:15:09+08:00,KKPebd,30.752322,103.934167
2018-04-16 22:15:09+08:00,G3RnXX,30.752684,103.933831
2018-04-16 22:15:09+08:00,KBDQxm,30.751201,103.934091
2018-04-16 22:15:09+08:00,xvNk3z,30.752366,103.934305
2018-04-16 22:15:09+08:00,reRLgv,30.752505,103.93421
2018-04-16 22:15:09+08:00,3nY2Rm,30.752567,103.934318
2018-04-16 22:15:09+08:00,JpVlOP,30.750864,103.932822
2018-04-16 22:15:09+08:00,4NkBNk,30.75257,103.934318
2018-04-16 22:15:09+08:00,zKmyRk,30.752883,103.933992
2018-04-16 22:15:09+08:00,DpaXab,30.752955,103.933923
2018-04-16 22:15:09+08:00,APk0eQ,30.752349,103.934546
2018-04-16 22:15:09+08:00,eQDee0,30.752698,103.934367
2018-04-16 22:15:09+08:00,nD84PB,30.752553,103.934502
2018-04-16 22:15:09+08:00,L5rNN8,30.752589,103.934496
2018-04-16 22:15:09+08:00,BPlxgq,30.751946,103.934725
2018-04-16 22:15:09+08:00,nY85pZ,30.753058,103.933961
2018-04-16 22:15:09+08:00,zvX4ma,30.752118,103.93471
2018-04-16 22:15:09+08:00,zvl2qg,30.753123,103.933792
2018-04-16 22:15:09+08:00,zQ0B0g,30.753016,103.93406
2018-04-16 22:15:09+08:00,YeJaPP,30.753102,103.933877
2018-04-16 22:15:09+08:00,EMLYrJ,30.753045,103.934022
2018-04-16 22:15:09+08:00,D7EYyB,30.752871,103.934282
2018-04-16 22:15:09+08:00,E5RmmM,30.753114,103.93296
2018-04-16 22:15:09+08:00,lZwJvq,30.75307,103.933975
2018-04-16 22:15:09+08:00,wv6ygl,30.753067,103.93281
2018-04-16 22:15:09+08:00,R8V0nD,30.753134,103.933862
2018-04-16 22:15:09+08:00,kmzNLA,30.753106,103.933992
2018-04-16 22:15:09+08:00,OqbNkz,30.752093,103.934771
2018-04-16 22:15:09+08:00,yMYEZp,30.753152,103.933893
2018-04-16 22:15:09+08:00,7Px05R,30.753152,103.933923
2018-04-16 22:15:09+08:00,l4PJ6M,30.753146,103.932884
2018-04-16 22:15:09+08:00,nk73lZ,30.753127,103.933992
2018-04-16 22:15:09+08:00,z8V4Oa,30.753162,103.933917
2018-04-16 22:15:09+08:00,M3m52K,30.753115,103.934038
2018-04-16 22:15:09+08:00,zQ07z5,30.752801,103.934466
2018-04-16 22:15:09+08:00,5naqDl,30.753164,103.933957
2018-04-16 22:15:09+08:00,l4yem0,30.753142,103.932815
2018-04-16 22:15:09+08:00,Q8RknX,30.753194,103.932929
2018-04-16 22:15:09+08:00,y6Lp6Y,30.752216,103.934794
2018-04-16 22:15:09+08:00,GV5KxJ,30.753173,103.933961
2018-04-16 22:15:09+08:00,X7yA5n,30.752358,103.932069
2018-04-16 22:15:09+08:00,bY5XyZ,30.753258,103.933746
2018-04-16 22:15:09+08:00,YeRJq7,30.753208,103.932914
2018-04-16 22:15:09+08:00,EDykrn,30.753144,103.93406
2018-04-16 22:15:09+08:00,X5vNeG,30.752078,103.931966
2018-04-16 22:15:09+08:00,578n5K,30.752252,103.934824
2018-04-16 22:15:09+08:00,5nkAXM,30.753234,103.933923
2018-04-16 22:15:09+08:00,wDmVRX,30.753265,103.932967
2018-04-16 22:15:09+08:00,7PYqz8,30.753302,103.933731
2018-04-16 22:15:09+08:00,GbeOqX,30.752851,103.934511
2018-04-16 22:15:09+08:00,25MZGZ,30.753193,103.934065
2018-04-16 22:15:09+08:00,oOy5lX,30.753232,103.932838
2018-04-16 22:15:09+08:00,ev5V8n,30.75328,103.932967
2018-04-16 22:15:09+08:00,67LAPZ,30.753305,103.932967
2018-04-16 22:15:09+08:00,nRJJoB,30.75327,103.933977
2018-04-16 22:15:09+08:00,ONQa4l,30.752197,103.934901
2018-04-16 22:15:09+08:00,vkPDym,30.753295,103.933923
2018-04-16 22:15:09+08:00,o48Zla,30.753266,103.934022
2018-04-16 22:15:09+08:00,n4kklm,30.753371,103.933792
2018-04-16 22:15:09+08:00,we8GRB,30.753367,103.933831
2018-04-16 22:15:09+08:00,GmqG2X,30.753359,103.933923
2018-04-16 22:15:09+08:00,p4w3zO,30.753359,103.93406
2018-04-16 22:15:09+08:00,xyP6YQ,30.752384,103.934985
2018-04-16 22:15:09+08:00,n4q33B,30.753432,103.933961
2018-04-16 22:15:09+08:00,PMNpZN,30.752319,103.935039
2018-04-16 22:15:09+08:00,dVODYB,30.753545,103.933472
2018-04-16 22:15:09+08:00,eGYevL,30.753533,103.933831
2018-04-16 22:15:09+08:00,3GDq3m,30.753575,103.933602
2018-04-16 22:15:09+08:00,Vx6Ovg,30.752399,103.9351
2018-04-16 22:15:09+08:00,nDxPGN,30.75361,103.933948
2018-04-16 22:15:09+08:00,mnakKw,30.752514,103.935146
2018-04-16 22:15:09+08:00,V53o3e,30.75233,103.93523
2018-04-16 22:15:09+08:00,r0Z7Kv,30.749923,103.933028
2018-04-16 22:15:09+08:00,yM6gO6,30.750811,103.931661
2018-04-16 22:15:09+08:00,Nwg0dm,30.752925,103.935308
2018-04-16 22:15:09+08:00,aqgZr4,30.749819,103.934178
2018-04-16 22:15:09+08:00,MEqqyK,30.750109,103.932073
2018-04-16 22:15:09+08:00,vvRl5N,30.753993,103.933946
2018-04-16 22:15:09+08:00,eQRnVn,30.751458,103.931236
2018-04-16 22:15:09+08:00,BP0RAO,30.753882,103.932524
2018-04-16 22:15:09+08:00,zv3XE0,30.753458,103.934985
2018-04-16 22:15:09+08:00,Xqad05,30.753465,103.934985
2018-04-16 22:15:09+08:00,Exd2E8,30.753348,103.9351
2018-04-16 22:15:09+08:00,7PPkoP,30.753519,103.934954
2018-04-16 22:15:09+08:00,reomAp,30.753374,103.935116
2018-04-16 22:15:09+08:00,wEaM8R,30.753897,103.932364
2018-04-16 22:15:09+08:00,yB0EVp,30.7534,103.935141
2018-04-16 22:15:09+08:00,BMgVYn,30.754025,103.932478
2018-04-16 22:15:09+08:00,eGwODY,30.745654,103.928512
2018-04-16 22:15:09+08:00,NlQp6n,30.745784,103.928467
2018-04-16 22:15:09+08:00,ydp7XY,30.746805,103.929605
2018-04-16 22:15:09+08:00,K7EQar,30.745498,103.928497
2018-04-16 22:15:09+08:00,xQVO65,30.745626,103.928413
2018-04-16 22:15:09+08:00,6n2qkq,30.745475,103.928436
2018-04-16 22:15:09+08:00,RaK85B,30.746658,103.928734
2018-04-16 22:15:09+08:00,ozDepX,30.746641,103.928704
2018-04-16 22:15:09+08:00,n4zkd5,30.745629,103.928321
2018-04-16 22:15:09+08:00,gbDYDK,30.745336,103.928352
2018-04-16 22:15:09+08:00,vv753w,30.745343,103.928298
2018-04-16 22:15:09+08:00,nw5R7g,30.744432,103.929444
2018-04-16 22:15:09+08:00,MByvoz,30.745771,103.927977
2018-04-16 22:15:09+08:00,kBB56p,30.744471,103.928428
2018-04-16 22:15:09+08:00,7MxQoJ,30.744087,103.929207
2018-04-16 22:15:09+08:00,BwRmlp,30.744075,103.928963
2018-04-16 22:15:09+08:00,ZJ6OeX,30.746006,103.927343
2018-04-16 22:15:09+08:00,KzPDdd,30.746766,103.927427
2018-04-16 22:15:09+08:00,Nw5nqm,30.745259,103.931644
2018-04-16 22:15:09+08:00,ZZmG7P,30.74364,103.928718
2018-04-16 22:15:09+08:00,Nl8QyX,30.74643,103.926854
2018-04-16 22:15:09+08:00,dJVNy3,30.743543,103.930734
2018-04-16 22:15:09+08:00,KBdByA,30.746397,103.926739
2018-04-16 22:15:09+08:00,yoN36b,30.746275,103.926686
2018-04-16 22:15:09+08:00,ZJNqlD,30.746687,103.926673
2018-04-16 22:15:09+08:00,VBBGrd,30.747321,103.926908
2018-04-16 22:15:09+08:00,Ll2ldk,30.746458,103.926541
2018-04-16 22:15:09+08:00,NMVbq3,30.746368,103.926457
2018-04-16 22:15:09+08:00,dYR8ma,30.746573,103.926396
2018-04-16 22:15:09+08:00,0EMkbx,30.751824,103.926381
2018-04-16 22:15:09+08:00,YeLQwE,30.751551,103.926121
2018-04-16 22:15:09+08:00,3dql2a,30.752037,103.936942
2018-04-16 22:15:09+08:00,nBgN3B,30.751106,103.937163
2018-04-16 22:15:09+08:00,yM7JD7,30.752729,103.937821
2018-04-16 22:15:09+08:00,v0YOyg,30.752787,103.937675
2018-04-16 22:15:09+08:00,R8wYav,30.752459,103.936556
2018-04-16 22:15:09+08:00,3lEXz7,30.750907,103.938035
2018-04-16 22:15:09+08:00,mVpRkE,30.750739,103.936605
2018-04-16 22:15:09+08:00,lMrXXb,30.750688,103.936211
2018-04-16 22:15:09+08:00,PMlL3L,30.750216,103.936843
2018-04-16 22:15:09+08:00,MrYxe,30.750384,103.936162
2018-04-16 22:15:09+08:00,RXzgMO,30.753204,103.936029
2018-04-16 22:15:09+08:00,X5gmbq,30.753061,103.935841
2018-04-16 22:15:09+08:00,3Kq0dl,30.749862,103.937125
2018-04-16 22:15:09+08:00,MalO3d,30.749748,103.93753
2018-04-16 22:15:09+08:00,oQ3Grn,30.753313,103.935849
2018-04-16 22:15:09+08:00,lQm3Ab,30.753308,103.935772
2018-04-16 22:15:09+08:00,GmlvYq,30.753852,103.936437
2018-04-16 22:15:09+08:00,LV5bw8,30.753586,103.935994
2018-04-16 22:15:09+08:00,EDnexn,30.753488,103.935879
2018-04-16 22:15:09+08:00,wEMK6r,30.753496,103.935833
2018-04-16 22:15:09+08:00,RX8Rdv,30.74972,103.936506
2018-04-16 22:15:09+08:00,y3XLpy,30.753629,103.935879
2018-04-16 22:15:09+08:00,o4vwyM,30.753654,103.935902
2018-04-16 22:15:09+08:00,aqp6Lp,30.74958,103.938403
2018-04-16 22:15:09+08:00,dDdPky,30.749586,103.936254
2018-04-16 22:15:09+08:00,bJewA4,30.753346,103.935348
2018-04-16 22:15:09+08:00,g8Lx4p,30.753736,103.935658
2018-04-16 22:15:09+08:00,Z5gVqz,30.75345,103.935266
2018-04-16 22:15:09+08:00,3xKvrD,30.749219,103.936858
2018-04-16 22:15:09+08:00,oBkVLX,30.75349,103.935222
2018-04-16 22:15:09+08:00,DM2yrY,30.75347,103.935199
2018-04-16 22:15:09+08:00,K5PmNq,30.75238,103.940122
2018-04-16 22:15:09+08:00,XoOEy3,30.753567,103.935131
2018-04-16 22:15:09+08:00,v0nxD8,30.753613,103.9351
2018-04-16 22:15:09+08:00,oOyl6M,30.753568,103.935049
2018-04-16 22:15:09+08:00,PqALkR,30.753707,103.935146
2018-04-16 22:15:09+08:00,DpBq5R,30.742308,103.928711
2018-04-16 22:15:09+08:00,okR78a,30.741951,103.926701
2018-04-16 22:15:09+08:00,BpyDRy,30.741676,103.928386
2018-04-16 22:15:09+08:00,6Am7oR,30.742448,103.925402
2018-04-16 22:15:09+08:00,7PVJKR,30.744002,103.924861
2018-04-16 22:15:09+08:00,p4AmYw,30.743424,103.924784
2018-04-16 22:15:09+08:00,V6lXlx,30.741242,103.926895
2018-04-16 22:15:09+08:00,8DrLJ2,30.742867,103.930094
2018-04-16 22:15:09+08:00,YepGo4,30.75602,103.929865
2018-04-16 22:15:09+08:00,R8V0zn,30.756203,103.929903
2018-04-16 22:15:09+08:00,D2LEqa,30.75589,103.930033
2018-04-16 22:15:09+08:00,M722or,30.75561,103.930063
2018-04-16 22:15:09+08:00,lQ8oEm,30.755618,103.930148
2018-04-16 22:15:09+08:00,gb5MQ4,30.755773,103.93024
2018-04-16 22:15:09+08:00,Pv55qZ,30.755089,103.929836
2018-04-16 22:15:09+08:00,0BrR0r,30.755981,103.930308
2018-04-16 22:15:09+08:00,wvAMDg,30.755672,103.930324
2018-04-16 22:15:09+08:00,nR0DJa,30.755794,103.930354
2018-04-16 22:15:09+08:00,7a8ezJ,30.755202,103.930224
2018-04-16 22:15:09+08:00,xvv658,30.754972,103.931271
2018-04-16 22:15:09+08:00,YvKBOk,30.754829,103.931217
2018-04-16 22:15:09+08:00,Mwo5wx,30.754813,103.931265
2018-04-16 22:15:09+08:00,a03ar4,30.754783,103.931301
2018-04-16 22:15:09+08:00,yMGB67,30.754096,103.930697
2018-04-16 22:15:09+08:00,nk3Pvr,30.75465,103.931347
2018-04-16 22:15:09+08:00,eQKpE0,30.754233,103.931077
2018-04-16 22:15:09+08:00,dnbNRQ,30.75484,103.931528
2018-04-16 22:15:09+08:00,E5yPw3,30.754917,103.931576
2018-04-16 22:15:09+08:00,JqgDAY,30.754668,103.931562
2018-04-16 22:15:09+08:00,7Pl8JP,30.754478,103.931462
2018-04-16 22:15:09+08:00,4523ZM,30.753824,103.93089
2018-04-16 22:15:09+08:00,o44L2b,30.754104,103.931217
2018-04-16 22:15:09+08:00,qmq26R,30.754035,103.931218
2018-04-16 22:15:09+08:00,3xPGP7,30.755063,103.93189
2018-04-16 22:15:09+08:00,ELv4B5,30.753703,103.930912
2018-04-16 22:15:09+08:00,bVdXK0,30.753243,103.929086
2018-04-16 22:15:09+08:00,vM5D4N,30.755269,103.93202
2018-04-16 22:15:09+08:00,vMkxgb,30.754846,103.93189
2018-04-16 22:15:09+08:00,8aG8EK,30.755319,103.932051
2018-04-16 22:15:09+08:00,b63w34,30.755204,103.932051
2018-04-16 22:15:09+08:00,kR8aEd,30.755254,103.932081
2018-04-16 22:15:09+08:00,A5Zb0e,30.75523,103.932081
2018-04-16 22:15:09+08:00,bNgqR4,30.755002,103.93202
2018-04-16 22:15:09+08:00,eQknQ0,30.754938,103.932007
2018-04-16 22:15:09+08:00,nBZr25,30.754548,103.93187
2018-04-16 22:15:09+08:00,bYDGBm,30.755297,103.932152
2018-04-16 22:15:09+08:00,76PzML,30.754993,103.932075
2018-04-16 22:15:09+08:00,xvOz05,30.755241,103.93215
2018-04-16 22:15:09+08:00,aQvmey,30.754217,103.931745
2018-04-16 22:15:09+08:00,JMDGw4,30.755251,103.932211
2018-04-16 22:15:09+08:00,D7Q5Va,30.755107,103.93228
2018-04-16 22:15:09+08:00,NxaEeM,30.755107,103.932295
2018-04-16 22:15:09+08:00,4N45kB,30.740867,103.931378
2018-04-16 22:15:09+08:00,by2ZPY,30.74126,103.932268
2018-04-16 22:15:09+08:00,A7xgp4,30.740983,103.930682
2018-04-16 22:15:09+08:00,onbkKn,30.740504,103.931668
2018-04-16 22:15:09+08:00,NpvO5X,30.741266,103.932801
2018-04-16 22:15:09+08:00,6MGrmX,30.743324,103.930611
2018-04-16 22:15:09+08:00,Yza3ZN,30.741396,103.929444
2018-04-16 22:15:09+08:00,g8Gqle,30.743569,103.932531
2018-04-16 22:15:09+08:00,dJpBak,30.740411,103.929715
2018-04-16 22:15:09+08:00,vvQ75N,30.739747,103.932264
2018-04-16 22:15:09+08:00,vBbJ2m,30.74155,103.929127
2018-04-16 22:15:09+08:00,0lZM47,30.739565,103.930901
2018-04-16 22:15:09+08:00,0BmxlD,30.739563,103.931966
2018-04-16 22:15:09+08:00,R8V6Jw,30.743843,103.932684
2018-04-16 22:15:09+08:00,wv5QOr,30.739684,103.930483
2018-04-16 22:15:09+08:00,QKrMeb,30.740501,103.929315
2018-04-16 22:15:09+08:00,4wlR8K,30.739601,103.930254
2018-04-16 22:15:09+08:00,nBQomm,30.741723,103.934045
2018-04-16 22:15:09+08:00,Bxwell,30.739578,103.930078
2018-04-16 22:15:09+08:00,5mmRrR,30.74073,103.929021
2018-04-16 22:15:09+08:00,N5eQZ3,30.739565,103.930063
2018-04-16 22:15:09+08:00,3xOaJp,30.739996,103.933326
2018-04-16 22:15:09+08:00,Dp8xQx,30.739655,103.929865
2018-04-16 22:15:09+08:00,mNpXpv,30.739424,103.930185
2018-04-16 22:15:09+08:00,dnbZ8y,30.756615,103.936427
2018-04-16 22:15:09+08:00,qXeEOR,30.741127,103.927343
2018-04-16 22:15:09+08:00,zO86Rl,30.74114,103.926969
2018-04-16 22:15:09+08:00,mQ6MMQ,30.740606,103.927632
2018-04-16 22:15:09+08:00,4VQDpB,30.740964,103.926274
2018-04-16 22:15:09+08:00,aK2ogZ,30.740326,103.926274
2018-04-16 22:15:09+08:00,JV7gPo,30.73973,103.927213
2018-04-16 22:15:09+08:00,v3O83N,30.739692,103.92716
2018-04-16 22:15:09+08:00,Mwl4od,30.739541,103.926938
2018-04-16 22:15:09+08:00,JpZKgP,30.73955,103.928874
2018-04-16 22:15:09+08:00,A7VnG2,30.751493,103.916293
2018-04-16 22:15:09+08:00,aKKXZw,30.752365,103.914948
2018-04-16 22:15:09+08:00,JyPG2z,30.740703,103.923691
2018-04-16 22:15:09+08:00,NEonr5,30.739815,103.924425
2018-04-16 22:15:09+08:00,wABDeD,30.74114,103.923221
2018-04-16 22:15:09+08:00,y6ZOyY,30.74014,103.923019
2018-04-16 22:15:09+08:00,Lv53oe,30.740975,103.921904
2018-04-16 22:15:09+08:00,qPBwQQ,30.739314,103.923218
2018-04-16 22:15:09+08:00,DvqQan,30.738916,103.922393
2018-04-16 22:15:09+08:00,VBoZLg,30.738585,103.92499
2018-04-16 22:15:09+08:00,AVepLO,30.738161,103.922813
2018-04-16 22:15:09+08:00,3dp8Ql,30.738452,103.926296
2018-04-16 22:15:09+08:00,EON5E0,30.739006,103.926928
2018-04-16 22:15:09+08:00,aqAbPw,30.741721,103.918559
2018-04-16 22:15:09+08:00,koR34D,30.752225,103.928768
2018-04-16 22:15:09+08:00,wAgGZe,30.752821,103.92878
2018-04-16 22:15:09+08:00,Bwqodn,30.752378,103.929017
2018-04-16 22:15:09+08:00,GVvemn,30.750115,103.926526
2018-04-16 22:15:09+08:00,nD23Lk,30.750085,103.928243
2018-04-16 22:15:09+08:00,NwZXam,30.750022,103.928451
2018-04-16 22:15:09+08:00,5w56E6,30.750715,103.925172
2018-04-16 22:15:09+08:00,3JGOm,30.751948,103.92998
2018-04-16 22:15:09+08:00,d5zVV,30.749555,103.926259
2018-04-16 22:15:09+08:00,xQg7E8,30.750724,103.925074
2018-04-16 22:15:09+08:00,nDaqvZ,30.749324,103.928207
2018-04-16 22:15:09+08:00,gRggaO,30.75067,103.92496
2018-04-16 22:15:09+08:00,Bp3BQn,30.750409,103.925035
2018-04-16 22:15:09+08:00,X7MMLq,30.75024,103.929676
2018-04-16 22:15:09+08:00,Nv7ber,30.750863,103.930091
2018-04-16 22:15:09+08:00,KKzdkm,30.750863,103.930091
2018-04-16 22:15:09+08:00,5navY7,30.750372,103.924945
2018-04-16 22:15:09+08:00,LvRzVN,30.751328,103.930331
2018-04-16 22:15:09+08:00,e45880,30.75158,103.930514
2018-04-16 22:15:09+08:00,o87lpB,30.742543,103.935336
2018-04-16 22:15:09+08:00,mNboKD,30.744167,103.935079
2018-04-16 22:15:09+08:00,ZeJoMz,30.741766,103.936513
2018-04-16 22:15:09+08:00,0BqoAV,30.739045,103.931217
2018-04-16 22:15:09+08:00,VdD8B7,30.745732,103.933876
2018-04-16 22:15:09+08:00,oBweEn,30.745628,103.934442
2018-04-16 22:15:09+08:00,BPvYbJ,30.739149,103.930422
2018-04-16 22:15:09+08:00,r4DeX5,30.738976,103.930338
2018-04-16 22:15:09+08:00,z0qZw,30.738746,103.936468
2018-04-16 22:15:09+08:00,D5raL7,30.746202,103.934541
2018-04-16 22:15:09+08:00,brmKY,30.746293,103.934243
2018-04-16 22:15:09+08:00,lM4GN0,30.73943,103.92946
2018-04-16 22:15:09+08:00,NwYLoA,30.740097,103.937718
2018-04-16 22:15:09+08:00,dX4wxk,30.749464,103.925518
2018-04-16 22:15:09+08:00,LVR4bK,30.749905,103.92467
2018-04-16 22:15:09+08:00,N5EnLm,30.749381,103.92609
2018-04-16 22:15:09+08:00,5rbkBK,30.750479,103.924472
2018-04-16 22:15:09+08:00,bN3MdY,30.748126,103.925044
2018-04-16 22:15:09+08:00,mV358D,30.748004,103.925173
2018-04-16 22:15:09+08:00,kGmPm0,30.74781,103.92664
2018-04-16 22:15:09+08:00,eQDYkD,30.748459,103.927603
2018-04-16 22:15:09+08:00,pPqy80,30.749093,103.927932
2018-04-16 22:15:09+08:00,ygzE20,30.753936,103.931741
2018-04-16 22:15:09+08:00,k8XDE,30.753595,103.93176
2018-04-16 22:15:09+08:00,y3yQR6,30.753771,103.932004
2018-04-16 22:15:09+08:00,e24rP0,30.75404,103.932036
2018-04-16 22:15:09+08:00,45BPlG,30.754061,103.932104
2018-04-16 22:15:09+08:00,ln84G2,30.754263,103.932081
2018-04-16 22:15:09+08:00,XvOB33,30.754191,103.93228
2018-04-16 22:15:09+08:00,0BrEBX,30.754195,103.932326
2018-04-16 22:15:09+08:00,BPoJpp,30.754,103.932379
2018-04-16 22:15:09+08:00,w4gn56,30.754216,103.932326
2018-04-16 22:15:09+08:00,YJOG6N,30.754155,103.932364
2018-04-16 22:15:09+08:00,v3Yx70,30.754273,103.932348
2018-04-16 22:15:09+08:00,lpMYwM,30.753264,103.930479
2018-04-16 22:15:09+08:00,bRo6xg,30.752585,103.930843
2018-04-16 22:15:09+08:00,3noLME,30.754809,103.932763
2018-04-16 22:15:09+08:00,XzRBKl,30.754942,103.932815
2018-04-16 22:15:09+08:00,3Kqo6L,30.755201,103.932685
2018-04-16 22:15:09+08:00,pk2k7B,30.755014,103.932884
2018-04-16 22:15:09+08:00,V54GK7,30.755067,103.932899
2018-04-16 22:15:09+08:00,GgEoDV,30.755088,103.932899
2018-04-16 22:15:09+08:00,3GepPq,30.754897,103.933082
2018-04-16 22:15:09+08:00,2KBgM6,30.747003,103.922241
2018-04-16 22:15:09+08:00,K7gMkm,30.747164,103.919392
2018-04-16 22:15:09+08:00,ovbLEa,30.747009,103.919194
2018-04-16 22:15:09+08:00,2okaNR,30.746822,103.919308
2018-04-16 22:15:09+08:00,LvDxgb,30.747394,103.918353
2018-04-16 22:15:09+08:00,lnLoJp,30.747107,103.920904
2018-04-16 22:15:09+08:00,0nV6oL,30.742676,103.938626
2018-04-16 22:15:09+08:00,Pl2p0k,30.744053,103.938691
2018-04-16 22:15:09+08:00,zvzd3g,30.749135,103.928528
2018-04-16 22:15:09+08:00,4NAvYG,30.748676,103.928787
2018-04-16 22:15:09+08:00,EMMJVG,30.753685,103.934924
2018-04-16 22:15:09+08:00,Dp7G74,30.753703,103.934969
2018-04-16 22:15:09+08:00,K7mand,30.753717,103.934901
2018-04-16 22:15:09+08:00,zQ0gww,30.749673,103.935359
2018-04-16 22:15:09+08:00,D5mnm4,30.754076,103.935253
2018-04-16 22:15:09+08:00,NwVb3X,30.755166,103.938197
2018-04-16 22:15:09+08:00,E5GPE0,30.755166,103.938197
2018-04-16 22:15:09+08:00,pQ0PYq,30.754621,103.93698
2018-04-16 22:15:09+08:00,o4DrMb,30.754816,103.934896
2018-04-16 22:15:09+08:00,y5xKr3,30.754809,103.934885
2018-04-16 22:15:09+08:00,VqVKmZ,30.754834,103.934855
2018-04-16 22:15:09+08:00,Qedokv,30.754817,103.934855
2018-04-16 22:15:09+08:00,APeRbQ,30.754781,103.934855
2018-04-16 22:15:09+08:00,an7rLA,30.754246,103.939669
2018-04-16 22:15:09+08:00,dYBabr,30.754733,103.93487
2018-04-16 22:15:09+08:00,vkPZPO,30.755179,103.934695
2018-04-16 22:15:09+08:00,25LPxR,30.754728,103.934835
2018-04-16 22:15:09+08:00,7Nya8d,30.754676,103.934809
2018-04-16 22:15:09+08:00,0Br52X,30.755269,103.934611
2018-04-16 22:15:09+08:00,ALDnZV,30.754752,103.934725
2018-04-16 22:15:09+08:00,bYKb5m,30.754489,103.934824
2018-04-16 22:15:09+08:00,K7lQee,30.754626,103.93474
2018-04-16 22:15:09+08:00,qOKGRZ,30.755176,103.934548
2018-04-16 22:15:09+08:00,D75p7Y,30.754904,103.934613
2018-04-16 22:15:09+08:00,ALDkgA,30.748239,103.932211
2018-04-16 22:15:09+08:00,7aDD2d,30.748372,103.932181
2018-04-16 22:15:09+08:00,wD85ne,30.748909,103.931416
2018-04-16 22:15:09+08:00,BNJDvy,30.748949,103.931332
2018-04-16 22:15:09+08:00,EMO3d0,30.748978,103.931385
2018-04-16 22:15:09+08:00,VvQ4nL,30.749028,103.931172
2018-04-16 22:15:09+08:00,864nOl,30.74902,103.930758
2018-04-16 22:15:09+08:00,5ZP7v6,30.749118,103.931966
2018-04-16 22:15:09+08:00,pNdagA,30.749272,103.931088
2018-04-16 22:15:09+08:00,QeaNPD,30.748883,103.932539
2018-04-16 22:15:09+08:00,aq5O0w,30.746837,103.932746
2018-04-16 22:15:09+08:00,N56eRA,30.749314,103.932302
2018-04-16 22:15:09+08:00,bbkwM4,30.747948,103.933196
2018-04-16 22:15:09+08:00,mMqzND,30.749241,103.932738
2018-04-16 22:15:09+08:00,7MRbkL,30.748106,103.933346
2018-04-16 22:15:09+08:00,dxdvv,30.747955,103.93336
2018-04-16 22:15:09+08:00,OyRyR8,30.748347,103.933311
2018-04-16 22:15:09+08:00,M3mD7d,30.749164,103.932929
2018-04-16 22:15:09+08:00,Gga4ea,30.749128,103.933013
2018-04-16 22:15:09+08:00,wvdNKl,30.749214,103.932983
2018-04-16 22:15:09+08:00,QGXdAv,30.749189,103.933013
2018-04-16 22:15:09+08:00,3xgxXD,30.749185,103.933044
2018-04-16 22:15:09+08:00,N5M77G,30.748117,103.933594
2018-04-16 22:15:09+08:00,dYQ7JV,30.750282,103.9314
2018-04-16 22:15:09+08:00,7YNYEL,30.746862,103.934106
2018-04-16 22:15:09+08:00,MeaaBz,30.748379,103.934335
2018-04-16 22:15:09+08:00,wnRgb6,30.7479,103.934389
2018-04-16 22:15:09+08:00,lnoAqb,30.749133,103.936843
2018-04-16 22:15:09+08:00,kwy3vZ,30.748331,103.938312
2018-04-16 22:15:09+08:00,BPv2El,30.749375,103.935619
2018-04-16 22:15:09+08:00,72MKxg,30.748029,103.938575
2018-04-16 22:15:09+08:00,7dAEZz,30.74765,103.935873
2018-04-16 22:15:09+08:00,4VByvK,30.749014,103.934847
2018-04-16 22:15:09+08:00,gQzrBb,30.748146,103.935083
2018-04-16 22:15:09+08:00,XvLeNn,30.762507,103.937088
2018-04-16 22:15:09+08:00,k08470,30.750557,103.930841
2018-04-16 22:15:09+08:00,DNg5ko,30.746394,103.935118
2018-04-16 22:15:09+08:00,o840e5,30.746376,103.934564
2018-04-16 22:15:09+08:00,k47qJE,30.754101,103.934221
2018-04-16 22:15:09+08:00,Rq2Ob5,30.754553,103.934007
2018-04-16 22:15:09+08:00,X5vJgr,30.75405,103.934528
2018-04-16 22:15:09+08:00,D2k8Oo,30.754905,103.933893
2018-04-16 22:15:09+08:00,3G0ozM,30.754898,103.934251
2018-04-16 22:15:09+08:00,07o2El,30.745234,103.917409
2018-04-16 22:15:09+08:00,d2n2oZ,30.754199,103.939905
2018-04-16 22:15:09+08:00,DOLGd7,30.753755,103.940646
2018-04-16 22:15:09+08:00,DNvaYb,30.745047,103.941289
2018-04-16 22:15:09+08:00,X5LMb4,30.742496,103.941825
2018-04-16 22:15:09+08:00,X7GJLq,30.747154,103.940726
2018-04-16 22:15:09+08:00,dngq2B,30.747248,103.940777
2018-04-16 22:15:09+08:00,NxvnNG,30.737844,103.927404
2018-04-16 22:15:09+08:00,0yQa0V,30.737433,103.930728
2018-04-16 22:15:09+08:00,xyELpd,30.738277,103.929085
2018-04-16 22:15:09+08:00,dVm4dv,30.738118,103.928138
2018-04-16 22:15:09+08:00,DOnww4,30.738108,103.928358
2018-04-16 22:15:09+08:00,zEgyQg,30.737914,103.927924
2018-04-16 22:15:09+08:00,GVxe0y,30.737842,103.927778
2018-04-16 22:15:09+08:00,MwOkwe,30.738337,103.91752
2018-04-16 22:15:09+08:00,vev80O,30.737584,103.929444
2018-04-16 22:15:09+08:00,G5LRM6,30.737073,103.928833
2018-04-16 22:15:09+08:00,aQOgEx,30.736861,103.928764
2018-04-16 22:15:09+08:00,wABAZg,30.736848,103.928726
2018-04-16 22:15:09+08:00,YeovD2,30.736994,103.930987
2018-04-16 22:15:09+08:00,ONzbaB,30.7362,103.928283
2018-04-16 22:15:09+08:00,n44XEN,30.736244,103.93137
2018-04-16 22:15:09+08:00,5ZNr70,30.736193,103.931347
2018-04-16 22:15:09+08:00,evYKBQ,30.7362,103.93137
2018-04-16 22:15:09+08:00,Xq6eA4,30.736139,103.931255
2018-04-16 22:15:09+08:00,Xep5vn,30.736115,103.931255
2018-04-16 22:15:09+08:00,Dp043R,30.736151,103.931332
2018-04-16 22:15:09+08:00,xvnGMQ,30.736186,103.931409
2018-04-16 22:15:09+08:00,EMLnm3,30.736258,103.931545
2018-04-16 22:15:09+08:00,85LmnN,30.736111,103.931286
2018-04-16 22:15:09+08:00,KDn6XV,30.736158,103.931385
2018-04-16 22:15:09+08:00,Vxn7v3,30.736013,103.931087
2018-04-16 22:15:09+08:00,P0yPpB,30.73609,103.931255
2018-04-16 22:15:09+08:00,n4PKqB,30.736109,103.9313
2018-04-16 22:15:09+08:00,yMl2q7,30.736115,103.931316
2018-04-16 22:15:09+08:00,3Gzg8p,30.736132,103.931385
2018-04-16 22:15:09+08:00,OqXPGB,30.736529,103.926816
2018-04-16 22:15:09+08:00,zv4P4a,30.736071,103.931301
2018-04-16 22:15:09+08:00,qkgveG,30.736061,103.931316
2018-04-16 22:15:09+08:00,lkValb,30.736103,103.931416
2018-04-16 22:15:09+08:00,lp4kJq,30.735674,103.928527
2018-04-16 22:15:09+08:00,n4Mbag,30.736071,103.931446
2018-04-16 22:15:09+08:00,GVMLGV,30.735981,103.931316
2018-04-16 22:15:09+08:00,APpQar,30.73591,103.931232
2018-04-16 22:15:09+08:00,evVJ4n,30.735968,103.93137
2018-04-16 22:15:09+08:00,vMw7gg,30.735928,103.931301
2018-04-16 22:15:09+08:00,vMwrzN,30.735939,103.93137
2018-04-16 22:15:09+08:00,Le5xkl,30.735859,103.931255
2018-04-16 22:15:09+08:00,n4JYVg,30.735846,103.931299
2018-04-16 22:15:09+08:00,RxaMDY,30.735817,103.931271
2018-04-16 22:15:09+08:00,KDOkwd,30.735802,103.931286
2018-04-16 22:15:09+08:00,y3N5wp,30.735777,103.931232
2018-04-16 22:15:09+08:00,dXLqLy,30.735806,103.931301
2018-04-16 22:15:09+08:00,OBxMbz,30.735817,103.931332
2018-04-16 22:15:09+08:00,4BelOv,30.735809,103.931316
2018-04-16 22:15:09+08:00,r4QJVV,30.735806,103.931316
2018-04-16 22:15:09+08:00,xz2M2Q,30.735756,103.931216
2018-04-16 22:15:09+08:00,Yeelbk,30.735769,103.931255
2018-04-16 22:15:09+08:00,L3v3qk,30.735797,103.93135
2018-04-16 22:15:09+08:00,0yGODl,30.735741,103.931232
2018-04-16 22:15:09+08:00,gYKmvE,30.735788,103.931347
2018-04-16 22:15:09+08:00,45xYeZ,30.735773,103.931316
2018-04-16 22:15:09+08:00,w7zzye,30.735891,103.931576
2018-04-16 22:15:09+08:00,KV5AaN,30.737038,103.934151
2018-04-16 22:15:09+08:00,nBzpXa,30.736322,103.932661
2018-04-16 22:15:09+08:00,4rZD8B,30.736223,103.932294
2018-04-16 22:15:09+08:00,686kQl,30.733318,103.93626
2018-04-16 22:15:09+08:00,Y3OKYE,30.735179,103.932439
2018-04-16 22:15:09+08:00,NaXYZA,30.735849,103.93153
2018-04-16 22:15:09+08:00,n4lz0r,30.735798,103.931461
2018-04-16 22:15:09+08:00,KK4YYQ,30.735782,103.93141
2018-04-16 22:15:09+08:00,NEBolX,30.735716,103.931301
2018-04-16 22:15:09+08:00,3xdzLM,30.735647,103.931332
2018-04-16 22:15:09+08:00,gbarME,30.735295,103.930498
